function [bandButter] = bandButter()
bandButter = [3.01335779553368,3.09702036886022,-3.08765954410616;
3.12191694217373,-3.05514163033669,-2.93868520271506;
-3.06447706990333,-2.93551992942140,-2.80144010094209;
-3.01666884305256,-2.85838665107507,-2.70126584334490;
-3.07086117304027,-2.87155794692323,-2.67802148097798;
3.01822101335004,-3.02824138668174,-2.78601845605251;
2.78601845605251,3.02824138668174,-3.01822101335004;
2.67802148097798,2.87155794692323,3.07086117304027;
2.70126584334490,2.85838665107507,3.01666884305256;
2.80144010094209,2.93551992942140,3.06447706990333;
2.93868520271506,3.05514163033669,-3.12191694217373;
3.08765954410616,-3.09702036886022,-3.01335779553368;
2.99051930311390,-3.10245074667956,-2.85949999807585;
3.07266195564179,-2.95327931797101,-2.68889019490630;
3.11934356200950,-2.83615481813789,-2.53808279586230;
3.06960943738198,-2.78505958298921,-2.43310652964461;
2.85739784580955,-2.85512048505533,-2.42027137498186;
2.56833154972929,-3.14159265358979,-2.56833154972929;
2.42027137498186,2.85512048505533,-2.85739784580955;
2.43310652964461,2.78505958298921,-3.06960943738198;
2.53808279586230,2.83615481813789,-3.11934356200950;
2.68889019490630,2.95327931797101,-3.07266195564179;
2.85949999807585,3.10245074667956,-2.99051930311390;
2.94179604790673,-2.99823176391543,-2.58631434625736;
2.97095912742542,-2.83474265897370,-2.40194157176848;
2.91207757076081,-2.70130042398025,-2.24429522173266;
2.67499657507567,-2.68716215108620,-2.13959020871217;
2.32710266745438,-2.90703557881593,-2.13918051278837;
2.13918051278837,2.90703557881593,-2.32710266745438;
2.13959020871217,2.68716215108620,-2.67499657507567;
2.24429522173266,2.70130042398025,-2.91207757076080;
2.40194157176847,2.83474265897369,-2.97095912742542;
2.58631434625736,2.99823176391543,-2.94179604790673;
2.84827562409067,-2.86810117680494,-2.29030148338829;
2.76931417907669,-2.65571100103462,-2.10634000035215;
2.50778458902169,-2.48935485576311,-1.95494001045314;
2.10902729475379,-2.44252747360283,-1.86170405832040;
1.88121130557519,3.14159265358979,-1.88121130557519;
1.86170405832040,2.44252747360283,-2.10902729475379;
1.95494001045314,2.48935485576310,-2.50778458902168;
2.10634000035214,2.65571100103462,-2.76931417907669;
2.29030148338829,2.86810117680494,-2.84827562409068;
2.67216692683396,-2.65207196317019,-2.00661199329785;
2.39302091796692,-2.29766153639207,-1.83772939333812;
1.95473127481971,-1.86610162468782,-1.70469885533245;
1.68228685248520,-1.06021837951265,-1.63337540491676;
1.63337540491676,1.06021837951266,-1.68228685248520;
1.70469885533245,1.86610162468782,-1.95473127481971;
1.83772939333812,2.29766153639207,-2.39302091796693;
2.00661199329785,2.65207196317019,-2.67216692683396;
2.35104264731774,-2.14248974416643,-1.76283016172536;
1.87817957263850,-1.41653575015208,-1.61632496462999;
1.55004395097835,-0.665649066900080,-1.50698494523264;
1.46304976741922,-1.31604253468842e-15,-1.46304976741922;
1.50698494523264,0.665649066900087,-1.55004395097835;
1.61632496462999,1.41653575015208,-1.87817957263850;
1.76283016172536,2.14248974416642,-2.35104264731774;
1.87953249523319,-1.15156691080024,-1.56655869388517;
1.47691942059686,-0.581673818479691,-1.44260651925259;
1.34271647559598,-0.170748466282095,-1.35705888638564;
1.35705888638564,0.170748466282090,-1.34271647559598;
1.44260651925259,0.581673818479690,-1.47691942059686;
1.56655869388517,1.15156691080025,-1.87953249523319;
1.45343637944550,-0.539810792684457,-1.41182811608381;
1.25989859996355,-0.247621490256100,-1.30743519065755;
1.24362255943013,-2.13579793903921e-15,-1.24362255943013;
1.30743519065755,0.247621490256101,-1.25989859996355;
1.41182811608381,0.539810792684458,-1.45343637944550;
1.19952961360599,-0.277141180135394,-1.28855381539315;
1.15392679393007,-0.0974176651264955,-1.19963600503624;
1.19963600503625,0.0974176651264959,-1.15392679393007;
1.28855381539315,0.277141180135393,-1.19952961360600;
1.07061361180019,-0.143341093975207,-1.18649875652966;
1.10714871779409,-6.95512997294453e-16,-1.10714871779409;
1.18649875652966,0.143341093975208,-1.07061361180019;
1.01206909754331,-0.0634044582443937,-1.09450758158210;
1.09450758158210,0.0634044582443934,-1.01206909754331;
0.994922677907858,4.85995658416129e-17,-0.994922677907858 ];
end

