function [flow,fhigh,slow,shigh] = Tables(N)

Chb1Low = [-1.47768281575585,-1.78746524288204,-1.99602989766829,-2.15511958316750,-2.28340574022564,-2.39011044757310,-2.48060124311884,-2.55834386597657,-2.62574372794051,-2.68456158087819,-2.73613972521969,-2.78153440733819,-2.82159786547985,-2.85703159125442,-2.88842228001633,-2.91626692650236,-2.94099087073675,-2.96296112477631,-2.98249645500303,-2.99987517946343,-3.01534131983171,-3.02910954355383,-3.04136919859840,-3.05228765461243,-3.06201310422947,-3.07067693694256,-3.07839576908503,-3.08527319302317,-3.09140129399947,-3.09686197240512,-3.10172810140674,-3.10606454398652,-3.10992904901306,-3.11337304254628,-3.11644232791878,-3.11917770603031,-3.12161552560283,-3.12378817176942,-3.12572450023754,-3.12745022332343,-3.12898825335907,-3.13035900829618,-3.13158068375225,-3.13266949524272,-3.13363989390823,-3.13450475866704,-3.13527556738970,-3.13596254940114,-3.13657482135751,-3.13712050831780,-3.13760685162851,-3.13804030506166,-3.13842662048747,-3.13877092422316,-3.13907778507361,-3.13935127496916,-3.13959502300645,-3.13981226361056,-3.14000587945831,-3.14017843973279,-3.14033223421703,-3.14046930367960,-3.14059146695555,-3.14070034508194,-3.14079738280863,-3.14088386776962,-3.14096094756942,-3.14102964501132,-3.14109087166946,-3.14114543998498,-3.14119407404667,-3.14123741919926,-3.14127605060684,-3.14131048088482,-3.14134116690220,-3.14136851584385,-3.14139289061367,-3.14141461465007,-3.14143397621785,-3.14145123223326,-3.14146661167317,-3.14148031861339,-3.14149253493672,-3.14150342274633,-3.14151312651686,-3.14152177501145,-3.14152948299036,-3.14153635273379,-3.14154247539906,-3.14154793223023,-3.14155279563613,-3.14155713015120,-3.14156099329182,-3.14156443631953,-3.14156750492120,-3.14157023981531,-3.14157267729226,-3.14157484969588,-3.14157678585264,-3.14157851145416];
Chb1High = [1.47768281575589,1.78746524288205,1.99602989766830,2.15511958316753,2.28340574022566,2.39011044757311,2.48060124311885,2.55834386597659,2.62574372794052,2.68456158087821,2.73613972521969,2.78153440733820,2.82159786547985,2.85703159125442,2.88842228001634,2.91626692650237,2.94099087073675,2.96296112477632,2.98249645500303,2.99987517946343,3.01534131983171,3.02910954355383,3.04136919859840,3.05228765461243,3.06201310422947,3.07067693694256,3.07839576908503,3.08527319302317,3.09140129399947,3.09686197240512,3.10172810140674,3.10606454398652,3.10992904901306,3.11337304254628,3.11644232791878,3.11917770603031,3.12161552560283,3.12378817176942,3.12572450023753,3.12745022332343,3.12898825335907,3.13035900829618,3.13158068375225,3.13266949524272,3.13363989390823,3.13450475866704,3.13527556738970,3.13596254940114,3.13657482135751,3.13712050831780,3.13760685162851,3.13804030506166,3.13842662048747,3.13877092422316,3.13907778507361,3.13935127496916,3.13959502300645,3.13981226361056,3.14000587945831,3.14017843973279,3.14033223421703,3.14046930367960,3.14059146695555,3.14070034508194,3.14079738280863,3.14088386776962,3.14096094756943,3.14102964501132,3.14109087166946,3.14114543998497,3.14119407404666,3.14123741919927,3.14127605060684,3.14131048088482,3.14134116690220,3.14136851584385,3.14139289061367,3.14141461465007,3.14143397621785,3.14145123223326,3.14146661167317,3.14148031861339,3.14149253493672,3.14150342274633,3.14151312651686,3.14152177501145,3.14152948299036,3.14153635273379,3.14154247539906,3.14154793223023,3.14155279563613,3.14155713015120,3.14156099329182,3.14156443631953,3.14156750492120,3.14157023981531,3.14157267729226,3.14157484969588,3.14157678585264,3.14157851145416];

Chb2Low = [-0.672122471549586,-0.941400490632538,-1.14187336634512,-1.30579070990842,-1.44578834753862,-1.56842185730907,-1.67763226262576,-1.77601950396479,-1.86541316789329,-1.94716362526815,-2.02230488302446,-2.09165221700416,-2.15586396551608,-2.21548238366141,-2.27096164136573,-2.32268759704078,-2.37099212500609,-2.41616372842284,-2.45845555350483,-2.49809154479651,-2.53527124448953,-2.57017358540225,-2.60295992548649,-2.63377650270778,-2.66275644140493,-2.69002140762243,-2.71568298686126,-2.73984384023283,-2.76259868215429,-2.78403511315296,-2.80423433413849,-2.82327176301389,-2.84121757027864,-2.85813714700743,-2.87409151603180,-2.88913769513892,-2.90332901950430,-2.91671542930064,-2.92934372740094,-2.94125781126668,-2.95249888244029,-2.96310563651300,-2.97311443598972,-2.98255946810291,-2.99147288932088,-2.99988495804283,-3.00782415676043,-3.01531730478962,-3.02238966252706,-3.02906502806107,-3.03536582686093,-3.04131319517873,-3.04692705772192,-3.05222620008908,-3.05722833640641,-3.06195017255345,-3.06640746532608,-3.07061507784857,-3.07458703151508,-3.07833655471465,-3.08187612856895,-3.08521752989203,-3.08837187156240,-3.09134964048173,-3.09416073327990,-3.09681448991315,-3.09931972529076,-3.10168475905518,-3.10391744363116,-3.10602519065114,-3.10801499585642,-3.10989346256665,-3.11166682380394,-3.11334096315200,-3.11492143442536,-3.11641348021903,-3.11782204940414,-3.11915181363123,-3.12040718289884,-3.12159232024146,-3.12271115558778,-3.12376739883675,-3.12476455219652,-3.12570592182815,-3.12659462883408,-3.12743361962831,-3.12822567572366,-3.12897342296915,-3.12967934026846,-3.13034576780916,-3.13097491483002,-3.13156886695259,-3.13212959310175,-3.13265895203814,-3.13315869852454,-3.13363048914666,-3.13407588780777,-3.13449637091559,-3.13489333227866,-3.13526808772849];
Chb2High = [0.672122471549664,0.941400490632598,1.14187336634513,1.30579070990847,1.44578834753867,1.56842185730919,1.67763226262585,1.77601950396470,1.86541316789335,1.94716362526821,2.02230488302446,2.09165221700417,2.15586396551605,2.21548238366142,2.27096164136578,2.32268759704081,2.37099212500609,2.41616372842284,2.45845555350484,2.49809154479652,2.53527124448953,2.57017358540225,2.60295992548648,2.63377650270777,2.66275644140491,2.69002140762243,2.71568298686124,2.73984384023281,2.76259868215429,2.78403511315295,2.80423433413847,2.82327176301387,2.84121757027865,2.85813714700742,2.87409151603179,2.88913769513891,2.90332901950429,2.91671542930064,2.92934372740093,2.94125781126667,2.95249888244029,2.96310563651300,2.97311443598973,2.98255946810291,2.99147288932089,2.99988495804282,3.00782415676043,3.01531730478962,3.02238966252706,3.02906502806107,3.03536582686093,3.04131319517874,3.04692705772192,3.05222620008909,3.05722833640642,3.06195017255345,3.06640746532608,3.07061507784855,3.07458703151508,3.07833655471465,3.08187612856895,3.08521752989202,3.08837187156241,3.09134964048172,3.09416073327990,3.09681448991317,3.09931972529075,3.10168475905518,3.10391744363116,3.10602519065115,3.10801499585643,3.10989346256665,3.11166682380394,3.11334096315202,3.11492143442537,3.11641348021902,3.11782204940412,3.11915181363126,3.12040718289881,3.12159232024147,3.12271115558778,3.12376739883676,3.12476455219653,3.12570592182813,3.12659462883412,3.12743361962826,3.12822567572361,3.12897342296912,3.12967934026849,3.13034576780913,3.13097491482998,3.13156886695256,3.13212959310174,3.13265895203811,3.13315869852452,3.13363048914669,3.13407588780780,3.13449637091564,3.13489333227861,3.13526808772844];

flow = Chb1Low(1:N);
fhigh = Chb1High(1:N);
slow = Chb2Low(1:N);
shigh = Chb2High(1:N);


end